eer = 0.9999970197677612
fpr_1 = 0.9999996423721313
fnr_1 = 0.9994468092918396
